0.07
0.36
0.46
0.46
0.47
0.63
0.74
0.85
0.92
1.29
1.51
1.66
1.8
2.2
2.26
2.59
3.06
3.07
3.4
3.66
3.69
4.05
4.77
5.07
5.3
5.48
5.65
5.74
6.06
6.19
6.5
6.63
7.22
8.14
8.41
8.45
8.64
9.29
9.51
9.77
10.24
10.31
10.56
10.74
11.29
11.31
12.13
12.26
12.6
12.78
13.02
14.27
14.28
14.39
15.17
15.27
15.42
15.56
15.69
15.73
15.83
15.86
16.33
16.72
16.9
17.29
17.66
17.81
18.01
18.4
18.43
18.45
19
19.43
20
20.02
20.08
20.33
20.38
20.56
20.89
20.9
21.09
21.25
21.36
21.42
21.77
21.82
22.17
22.64
22.91
23.02
23.07
23.1
23.15
23.29
23.3
23.35
23.37
23.84
23.88
23.97
24.16
24.33
24.44
24.53
24.67
24.99
25.03
25.3
25.32
25.33
25.41
25.56
25.62
25.67
25.77
26.24
26.35
26.39
26.45
26.8
27.05
27.49
27.76
28.01
28.08
28.21
28.39
28.5
28.68
29.05
29.06
29.41
29.57
29.82
29.85
30.21
30.36
30.46
30.55
30.59
31.12
31.44
31.62
31.78
31.99
32.15
32.71
32.71
32.94
33.22
33.23
33.43
33.44
33.44
33.67
33.68
33.81
34.07
34.12
34.41
34.45
34.84
34.87
35.05
35.28
35.43
35.8
36.01
36.05
36.49
36.81
36.81
37.47
37.51
37.54
37.7
37.74
38.1
38.36
38.55
38.58
39.34
39.39
39.78
40.06
40.14
40.18
40.42
40.51
40.65
40.8
41.01
41.02
41.05
41.06
41.31
41.62
41.65
41.87
42.02
42.15
42.53
42.54
42.68
43.21
43.22
43.61
43.66
43.74
43.76
43.95
44.36
44.44
44.5
44.61
44.67
44.8
44.87
45.1
45.13
45.13
45.41
45.82
45.87
46.12
46.26
46.49
46.54
46.97
47.11
47.11
47.21
47.32
47.36
47.36
47.52
47.75
47.77
47.89
48.05
48.09
48.38
48.49
48.65
48.68
48.69
48.7
48.82
49.25
49.76
49.93
50.05
50.47
50.61
50.63
50.73
50.75
50.83
50.9
50.94
50.96
50.98
51
51.03
51.81
51.88
52.03
52.05
52.41
52.56
52.61
53.01
53.28
53.71
53.73
53.82
53.92
54.23
54.26
54.67
54.78
54.87
54.96
55.05
55.14
55.25
55.59
55.91
55.98
56.26
56.27
56.3
56.34
56.49
56.59
56.76
57.14
57.56
57.74
57.74
57.81
57.86
58.06
58.43
58.51
58.75
58.85
59.03
59.06
59.1
59.2
59.26
59.74
59.77
60.34
61.02
61.04
61.34
61.44
61.47
61.48
61.53
62.04
62.22
62.46
62.57
62.7
62.71
63.09
63.16
63.63
63.76
63.88
63.97
64.1
64.13
64.44
64.87
65.3
65.51
65.51
65.56
65.77
65.94
65.98
66.11
66.14
66.53
66.84
67.09
67.1
67.17
67.22
67.35
67.39
67.57
67.81
67.91
68.36
68.48
68.55
68.71
68.8
68.81
68.82
68.88
69.22
69.45
69.54
70.01
70.12
70.15
70.18
70.46
70.77
71.47
71.57
71.86
72.07
72.11
72.28
72.42
72.53
72.6
72.76
73.69
73.98
74.15
74.39
74.46
74.69
74.95
75.17
75.38
75.72
76.36
76.38
76.41
76.92
76.95
77.18
77.96
78.14
78.38
78.47
78.62
78.74
78.74
78.95
79.23
79.56
79.58
79.71
79.77
80.27
80.35
81.48
81.65
81.93
81.99
82.19
82.87
83.18
83.21
83.64
84.3
84.37
84.4
84.81
85.13
85.2
85.25
85.3
85.63
85.7
85.75
86.21
86.26
86.27
86.34
86.41
86.53
87.1
87.97
87.98
87.99
88.35
88.55
88.67
88.83
88.83
89
89.04
89.04
89.05
89.71
89.81
90.04
90.04
90.81
91.03
91.56
91.61
91.64
91.66
91.79
92.04
92.44
92.74
92.82
92.83
93.11
93.23
93.33
93.79
93.98
94.22
94.24
94.68
94.76
94.88
95.05
95.41
95.74
96
96.29
96.39
96.53
96.86
97.14
97.28
98
98.14
98.32
98.94
99.34
99.68
99.74
