31.44
76.95
24.44
36.81
51.88
27.49
57.56
47.77
50.61
14.28
68.48
43.74
13.02
29.41
0.36
91.61
67.39
94.22
18.43
12.13
28.39
97.14
89.04
93.11
62.46
43.21
70.15
94.68
56.3
98.32
89.71
30.55
48.09
17.66
16.9
85.75
26.45
44.8
85.25
47.21
47.52
9.51
20.9
95.05
16.33
74.69
88.83
3.69
85.13
8.14
31.78
64.1
40.51
53.28
36.01
74.15
47.75
58.75
28.68
69.45
96.53
61.53
34.12
23.1
45.82
49.93
0.46
47.11
37.74
47.32
18.45
59.03
45.1
18.01
78.74
46.26
10.31
41.05
0.46
41.65
65.98
61.02
85.2
8.45
81.48
67.17
72.6
46.54
6.19
3.66
50.96
5.65
8.41
44.67
86.27
93.79
10.24
28.5
79.58
20.38
53.01
34.07
21.36
12.26
66.11
33.67
55.91
24.53
62.7
46.49
53.82
29.85
87.1
88.55
70.77
52.03
50.9
62.57
64.44
4.05
38.55
84.81
25.62
61.34
64.13
44.36
47.36
68.55
67.22
6.63
67.91
86.34
75.72
37.51
22.17
43.66
30.59
16.72
40.06
39.39
91.03
68.82
48.05
41.01
2.59
33.44
23.37
57.74
41.02
15.83
69.22
2.26
91.66
45.13
54.96
96.29
32.71
78.74
0.74
45.41
5.74
1.51
46.12
65.51
86.26
52.05
9.77
23.29
98.94
15.17
25.77
23.35
43.76
78.95
11.29
89.04
37.54
80.27
55.05
64.87
84.37
76.38
48.69
48.49
36.05
33.81
65.3
29.57
44.5
67.35
76.36
57.14
12.6
48.7
30.46
82.87
52.41
99.74
24.33
9.29
76.92
98.14
35.05
63.76
23.02
34.45
29.06
99.68
32.94
39.78
53.92
74.46
42.54
19
42.15
0.92
87.99
56.34
94.88
95.41
88.67
52.56
85.7
25.03
68.88
36.81
89.05
83.21
11.31
47.89
23.88
43.61
49.76
72.11
99.34
42.68
20.02
31.62
47.11
78.47
92.04
53.71
75.17
2.2
25.3
74.95
35.8
3.06
10.74
56.27
35.28
75.38
5.07
32.15
83.18
65.56
50.73
41.06
25.67
47.36
61.48
20.08
79.56
68.81
24.99
61.44
15.42
12.78
54.87
87.98
40.42
94.24
51.03
59.1
88.83
57.81
73.98
4.77
45.87
37.47
51
54.78
65.94
26.24
43.95
86.21
46.97
71.86
78.14
92.44
95.74
79.23
54.67
43.22
61.47
20.56
17.29
65.77
70.01
71.47
61.04
57.74
1.8
15.86
41.62
53.73
74.39
87.97
60.34
56.59
77.96
14.39
3.4
40.18
72.28
78.62
50.83
31.12
21.09
57.86
68.36
55.14
28.21
70.18
21.42
15.56
15.69
91.64
26.8
54.26
78.38
38.1
85.63
34.87
52.61
67.81
96.39
65.51
81.65
6.06
93.23
55.98
22.64
72.07
59.74
63.97
63.88
86.41
33.68
67.1
38.36
79.71
68.71
58.51
33.23
59.26
63.16
98
84.4
49.25
70.46
91.56
38.58
63.63
20.33
33.43
0.07
55.59
96
10.56
85.3
93.98
23.97
34.41
90.04
28.01
37.7
83.64
0.63
25.56
62.04
72.53
48.38
71.57
28.08
82.19
48.82
32.71
39.34
29.82
80.35
50.05
50.94
1.29
89
48.65
77.18
92.74
20
25.33
31.99
23.07
42.53
63.09
40.8
62.22
24.16
5.48
81.93
58.85
30.21
59.06
56.26
50.63
91.79
33.22
97.28
81.99
59.77
35.43
93.33
0.47
21.25
86.53
34.84
50.98
92.83
36.49
0.85
6.5
70.12
89.81
44.44
66.84
21.77
29.05
66.14
72.42
21.82
48.68
33.44
69.54
14.27
23.3
88.35
58.43
66.53
27.05
59.2
1.66
41.87
76.41
23.84
40.14
50.47
24.67
67.57
26.35
7.22
79.77
72.76
23.15
44.87
92.82
67.09
62.71
17.81
40.65
50.75
44.61
5.3
94.76
45.13
30.36
54.23
3.07
96.86
90.81
51.81
42.02
68.8
25.32
56.76
18.4
20.89
84.3
90.04
27.76
58.06
25.41
73.69
8.64
22.91
41.31
56.49
15.27
55.25
15.73
26.39
19.43
